494.63
158.35
494.63
120.65
494.63
128.91
494.63
234.2
195.14
234.2
179.06
126.06
203.52
464.07
203.52
494.63
430.86
320.12
430.86
464.07
366.87
128.91
195.14
203.52
430.86
234.2
234.2
175.53
195.14
464.07
320.12
320.12
320.12
195.14
204.58
204.58
356.17
128.91
464.07
380.37
128.91
195.14
204.58
320.12
126.06
128.91
430.86
179.06
325.56
234.2
464.07
366.87
175.53
430.86
380.37
356.17
430.86
320.12
128.91
430.86
126.06
175.53
234.2
179.06
430.86
320.12
325.56
464.07
430.86
494.63
234.2
325.56
126.06
494.63
175.53
366.87
158.35
366.87
380.37
203.52
175.53
175.53
175.53
158.35
325.56
430.86
195.14
234.2
179.06
234.2
195.14
320.12
366.87
179.06
325.56
325.56
356.17
234.2
325.56
325.56
883.11
1608.55
793.58
1600.42
1216.36
538.36
1485.59
1535.3
793.58
1477.12
600.23
1584.73
1608.6
1535.3
1608.6
1465.72
738.92
600.23
1282.84
600.23
1686.98
1724.68
483.34
1202.46
704.94
1724.68
764.24
793.58
573.58
875.39
1477.12
845.35
1120.1
875.39
1399.39
788.62
1202.69
1337.63
1465.72
718.3
704.94
483.34
1164.2
667.98
765.13
1337.63
1686.98
1608.55
779.68
1477.12
779.68
1608.55
1045.96
1585.02
1368.94
483.34
1202.46
418.17
788.62
600.23
1288.31
482.65
1164.2
845.35
1465.72
1081.05
742.25
710.15
1686.98
406.7
801.73
1063.46
929.16
1312.16
1282.84
787.42
1724.68
793.58
538.36
483.34
1535.3
1282.84
483.34
1686.98
901.36
1013.78
751.58
779.68
483.34
1585.02
1584.73
511.23
1029.87
573.58
464.68
1164.2
991.49
686.54
686.54
718.3
1849.58
1510.91
1846.41
1033.44
1483.33
1880.76
1267.98
1030.13
1149.07
1780.07
1630.47
1356.46
1553.21
1152.99
1726.51
1777.72
1638.66
1235.69
1827.44
1589.75
982.64
1516.68
1804.68
1666.29
1865.67
1361.08
1624.58
1902.37
1152.99
1632.61
648.57
1630.47
1152.99
1666.29
1116.62
1775.03
1067.81
1639.12
1631.49
1461.33
1229.41
1473.75
710.25
1483.77
1787.41
1852.24
2016.46
1842.24
1649.04
1770.37
1248.46
1157.87
1964.86
1510.91
1944.88
1142.89
1473.75
903.3
1656.28
1154.77
1510.91
1721.56
1921.09
1408.25
1674.09
1746.74
1780.07
1189.47
1492.64
1871.27
1631.49
1787.41
1483.33
1149.07
841.27
862.61
1930.24
1606.63
1547.5
847.33
2214.64
787.42
1505.19
2143.74
631.81
1964.86
1844.58
1037.45
1800.86
1149.07
1865.67
2024.2
2214.64
1879.09
1152.99
1485.69
993.55
1842.24
1649.04
1800.86
1403.48
972.58
1328.85
1063.46
1353.87
875.39
737.28
1666.52
1459.34
1483.06
1250.66
1222.41
1250.66
1222.41
1163.1
905.79
901.36
737.28
1163.1
1112.02
1608.6
771.83
748.57
1443.96
1394.55
1154.03
1313.95
1473.75
1112.02
1139.94
570.71
715.19
671.06
1809.91
1449.26
779.68
748.57
625.15
901.36
1119.17
667.98
771.83
1337.63
1429.72
905.79
1164.2
1337.63
625.15
1250.66
993.55
1699.9
1090.31
671.06
993.55
743.94
875.39
1373.4
1394.55
625.15
764.24
795.8
1163.1
1809.91
1416.98
570.71
1654.62
1375.88
866.07
875.39
1144.41
1116.62
1229.87
1394.55
1459.34
1676.48
1120.1
1373.4
624.78
764.64
1276.06
875.39
927.98
1346.14
500.92
1116.31
726.14
1809.91
539.36
755.3
1324.64
795.8
901.36
658.14
1353.87
1699.9
1120.1
1477.12
848.42
993.55
1483.33
1152.99
737.28
847.33
1276.06
755.3
572.73
907.19
830.45
464.68
1235.69
671.06
1250.66
710.25
848.89
751.58
573.58
1306.91
509.52
1624.58
544.12
1139.94
543.18
872.19
828.16
751.58
793.58
1253.76
788.53
570.99
1624.58
570.99
764.64
1058.5
1166.93
682.22
1589.75
771.83
676.38
807.48
1045.96
971.31
837.36
667.85
616.27
574.1
1110.6
570.71
483.34
1113.16
764.24
282.89
331.74
290.36
741.46
1154.03
752.69
676.38
636.02
448.34
616.27
992.4
848.42
755.3
755.3
1116.31
448.34
992.4
1154.03
1324.64
361.66
711.07
731.28
1165.44
1050.05
752.69
785.59
1250.66
1116.31
785.59
448.34
624.78
752.69
331.74
198.42
879.65
671.06
1116.31
848.42
875.39
1116.31
448.34
570.71
448.34
813.95
355.57
198.42
1250.66
731.28
860.32
693.36
848.42
650.68
795.8
331.74
848.42
331.74
785.59
415.96
650.68
535.67
755.3
875.39
715.19
448.34
331.74
650.68
711.07
784.52
755.3
448.34
1202.46
860.32
1251.14
448.34
500.92
448.34
625.15
857.42
785.59
363.02
707.88
1045.96
671.06
671.06
332.06
857.42
1116.31
332.06
960.47
625.15
969.85
1048.28
731.28
255.57
448.34
448.34
1165.44
1251.14
448.34
860.32
1438.52
1109.32
1282.84
1479.01
1202.69
464.68
807.48
751.58
1058.5
1368.94
751.58
1485.59
862.61
593.83
1399.39
713.71
666.59
573.58
907.19
1374.9
624.04
574.1
751.58
1525.26
1282.84
713.71
1479.01
807.48
1305.54
574.1
593.83
1202.69
538.36
573.58
718.71
1485.59
1287.0
835.54
1116.8
1037.45
1500.09
847.33
1058.5
1560.78
718.71
1438.52
1485.59
1037.45
483.34
418.17
1361.08
807.48
1473.75
1368.94
573.58
511.23
751.58
574.1
845.35
1485.59
1063.46
1058.5
1156.55
1514.4
511.23
751.58
1013.78
1282.84
1438.52
648.57
1516.43
522.58
1368.94
464.68
949.34
1282.84
1305.54
600.23
1444.13
1050.25
483.34
600.23
718.71
1438.52
695.66
593.83
1499.24
1485.59
793.58
1515.54
464.68
1077.35
704.94
907.19
831.96
1156.55
647.0
1281.64
1443.96
704.94
1827.44
2279.82
1960.67
2132.85
1796.7
2214.64
2016.46
2072.18
2014.72
2063.98
2047.06
1862.45
644.69
1913.87
1857.04
1987.39
1727.1
2016.46
1944.62
1857.04
1944.62
1666.29
2004.34
2032.23
1960.67
1972.88
1971.23
2047.06
1817.77
2063.98
1944.62
1780.58
2063.98
2063.98
2014.72
1694.37
1765.79
2214.64
1945.95
1817.77
2016.46
2214.64
2063.98
1780.65
1727.1
1857.04
1902.37
1694.37
2248.12
2047.06
1765.79
2063.98
2072.18
1971.23
2214.64
1857.04
1971.23
2214.64
2072.18
2072.18
1776.48
1851.7
1788.75
1944.62
2032.23
1857.04
1862.45
1796.7
2248.12
1765.79
2164.15
1971.23
1971.23
1913.87
1857.04
2047.06
1826.08
2014.72
1987.39
1807.42
2024.2
1809.91
1683.49
1894.85
1827.44
2119.83
1857.04
1809.91
1803.97
2014.72
1765.79
2063.98
2214.64
1847.26
1960.67
1727.1
1862.45
2014.72
1720.21
1944.62
1342.39
1228.94
1146.78
1809.83
1416.98
771.83
1396.28
1189.47
764.24
1248.46
2030.76
1539.47
1847.84
1745.18
1577.55
1714.8
1649.04
1833.56
1807.33
1292.93
1345.66
2162.03
1815.02
1746.74
1656.28
1522.6
1603.89
828.16
1881.36
1632.1
1662.88
1476.03
1996.18
1092.94
1682.1
2143.74
657.8
1918.89
1703.02
430.86
1857.04
1865.67
1396.28
764.24
1295.34
1787.41
1889.71
771.83
1556.78
1475.4
1454.47
1438.52
1248.46
2030.76
1632.42
907.19
1578.97
1972.88
1386.33
1894.16
1306.91
1152.99
448.34
234.2
1313.95
511.23
1235.69
1883.21
1342.39
950.24
1284.51
1372.83
1459.34
570.99
1562.23
1518.93
1625.53
1623.81
737.28
1553.21
1267.98
924.65
1503.98
2119.83
448.34
1840.75
1438.52
1779.92
927.98
1807.33
2248.12
860.32
1487.93
1313.53
1432.79
1785.53
1728.07
1273.45
969.85
1312.16
1630.47
1788.75
1603.6
1809.83
1917.57
1897.19
1826.93
1796.7
1202.9
1711.55
1344.17
1256.92
1203.93
1416.98
1412.13
1434.42
1492.64
1494.23
1356.46
1605.84
780.15
1618.13
1871.76
1276.06
418.17
2159.33
897.26
1513.28
1518.93
1842.1
290.36
1324.64
1354.0
1092.94
667.85
1443.02
1251.14
1302.97
1747.22
1279.31
737.28
1373.4
771.83
1746.74
1116.62
1778.65
1921.68
1090.31
731.28
1696.65
1623.81
1630.47
1797.14
2159.33
1388.05
801.73
1682.33
737.28
1253.76
1787.41
1745.09
789.01
448.34
1220.35
1666.29
1285.23
710.25
1682.08
1384.78
1797.14
1862.13
1889.71
956.61
1797.14
1416.98
1447.95
1815.02
1905.5
1742.34
1649.49
862.61
1749.93
1944.88
1542.4
1638.66
1458.63
431.17
917.79
813.95
1492.64
1951.77
1996.18
1499.68
1438.52
1012.0
1522.6
1724.42
1902.37
1338.3
1649.04
1432.79
1447.95
1758.03
1560.78
1139.94
1674.09
1423.86
1513.04
1476.03
1951.77
1419.48
1631.49
1673.89
1489.99
1800.86
2162.13
1705.9
2214.64
1539.0
1062.52
1116.8
2337.73
2063.98
1857.04
1455.37
1742.34
785.59
564.16
1419.48
1634.13
1206.95
1285.23
1306.64
1944.62
2000.39
1682.1
1865.67
1714.8
1960.67
1746.74
669.85
1682.33
2007.62
1585.02
1967.87
1633.26
1302.97
1807.42
1649.49
1858.36
764.24
788.53
1804.68
1742.34
1777.72
1899.69
1682.33
2050.62
1593.24
1883.21
1157.87
1732.2
793.58
1485.69
1698.94
1661.61
1163.1
1522.45
873.97
2007.62
669.85
774.64
1603.89
1775.03
704.94
1248.46
1586.22
1794.57
1746.74
1477.12
1050.25
1058.5
917.79
1432.79
1342.39
751.58
1817.77
1012.0
1229.41
1960.92
1422.12
1050.25
1931.21
1248.46
1164.2
1483.33
616.24
1248.46
1077.35
1662.92
713.71
1248.46
1048.28
2065.16
1466.95
1371.86
1793.07
1739.49
907.19
1839.05
1705.9
1152.99
1203.93
1510.91
1638.66
1163.1
1649.04
1682.62
1589.65
1686.98
1443.02
1696.65
658.14
1388.05
1206.95
1789.85
1260.96
1789.85
1832.34
879.65
1468.19
1201.26
1827.44
1593.24
1468.46
448.34
1231.67
1837.25
1600.1
992.4
1775.03
1477.12
1149.07
1513.28
1485.69
1475.4
499.26
1203.93
1752.03
1793.07
1116.62
927.98
1746.74
1107.96
1292.93
1662.88
1631.49
1479.01
852.02
1705.9
1865.67
1777.72
1833.56
1077.12
1503.98
1605.84
2098.07
793.58
1755.18
1580.95
1547.5
1388.05
1760.0
755.3
1603.6
1666.52
1917.57
2214.64
1361.3
1630.66
1416.98
2013.21
1710.72
831.96
1110.55
1206.95
1251.14
1628.66
1806.06
2159.33
1515.99
1116.56
1267.98
1312.16
1516.43
1116.31
1785.47
1807.67
1682.98
1400.57
1703.2
1547.5
303.94
2239.35
1372.83
1699.9
1623.73
644.69
1806.06
972.58
639.73
1396.28
704.94
1968.4
1757.81
1921.68
464.68
1412.13
1676.79
1539.1
1666.29
1458.63
1306.64
1718.71
1152.99
1631.49
1696.65
1432.79
1989.13
1685.92
616.24
1603.6
624.04
1780.65
1846.41
1770.37
793.58
1536.6
1434.42
1005.67
1632.61
844.9
1635.5
1561.41
1589.65
1944.89
1705.9
1459.63
1248.46
1060.47
2004.34
1377.35
669.85
1351.69
731.28
1279.31
1516.68
971.31
1775.03
511.23
1903.76
564.16
1815.02
1459.63
1839.47
1589.65
290.36
774.64
1666.29
636.19
1023.65
1543.17
1515.99
1682.98
1494.23
1726.51
1494.23
1777.14
949.04
1586.21
1465.72
1285.23
1432.79
1837.11
1633.26
431.17
1203.93
718.3
1421.45
1476.03
969.85
1295.14
866.05
1250.66
1155.05
1557.27
1872.81
1875.72
1862.45
1313.53
1833.24
1913.87
895.14
1342.39
866.18
907.19
1513.04
1235.69
1788.75
1846.41
1513.04
801.73
1633.26
1157.87
1785.53
2072.18
1870.43
1396.28
1699.9
793.58
1361.3
1206.95
1119.17
1696.65
1419.48
1556.68
1724.42
1030.13
1231.67
1510.91
807.48
1557.27
1362.39
913.29
1865.67
1518.93
2159.33
1209.08
570.99
897.26
1491.9
1805.77
1718.76
1666.29
1373.4
1492.64
1705.27
1742.34
1447.95
1610.25
1870.43
1372.83
1556.68
1438.41
1666.29
1792.31
1753.84
2124.16
1285.2
1013.78
1203.93
1468.01
2132.85
966.87
1705.9
1625.53
804.96
1473.75
2016.46
1413.52
1267.98
1158.68
1413.52
1171.54
946.39
1354.0
1125.36
1522.6
1215.84
1349.04
1698.94
1152.99
1434.42
1248.46
1251.14
1603.89
1556.7
788.62
1809.91
1282.84
290.36
1449.26
962.14
1494.23
1164.2
1589.65
1248.46
1480.87
1282.84
1743.85
1152.99
1606.76
1228.94
1691.38
1905.5
2159.33
631.81
1113.16
636.19
1787.41
1608.6
1557.2
1353.87
1624.68
2016.46
1549.54
1608.55
1443.02
1114.9
2143.74
1931.21
1988.56
1116.31
1432.75
1492.64
1593.24
1458.63
755.3
1826.93
1584.73
1770.37
1447.25
866.76
1746.74
1961.96
1365.21
2015.18
1485.69
1742.34
593.83
1490.51
2214.64
1480.87
1631.49
2013.21
1686.98
1515.99
1918.89
1515.99
1539.47
1515.54
1528.91
1618.13
2197.33
841.27
875.39
1865.67
1603.89
1248.46
430.86
1387.17
695.66
1029.87
1746.74
962.14
1513.04
1789.85
1755.05
1374.9
2000.39
1516.68
1152.99
1483.33
1852.24
1562.23
1682.98
1542.4
1344.17
891.9
1547.5
1586.21
1222.41
1557.94
1682.98
1628.6
1349.04
2132.85
1394.55
1476.03
1746.74
1185.24
1889.9
1666.52
1885.87
897.78
2214.64
1476.48
1997.52
1317.33
1110.6
1870.43
1832.34
1603.89
1013.78
1666.52
1810.94
1649.42
1478.31
1370.31
540.97
1742.34
1058.5
1360.76
1090.35
2030.76
1344.71
1447.25
1649.04
1285.23
671.06
1624.58
1438.52
1398.75
1642.15
1152.99
1154.03
1473.75
1499.68
1436.66
1423.85
1842.24
1388.05
1346.14
927.98
1536.6
1746.74
1587.21
1421.45
1522.76
667.98
1406.95
966.87
658.14
1202.9
1696.86
1619.0
1857.04
1193.72
1663.39
872.19
1593.24
1918.89
1145.33
1837.25
1248.46
1921.68
801.73
573.58
1419.48
1152.99
1792.31
1282.84
1843.97
1686.98
1443.96
1710.98
1209.08
847.33
1872.44
1696.65
616.24
1228.94
800.18
511.23
1063.46
1490.51
1480.87
1603.89
1809.91
682.22
483.34
572.73
1306.64
1084.79
1468.19
1152.99
2162.13
1638.66
225.12
1485.4
1302.97
593.83
1157.87
1485.69
847.33
1724.42
1798.47
1865.67
866.18
540.97
1499.24
924.9
1632.1
1560.78
1209.08
1691.15
430.86
499.26
1665.23
1561.41
801.73
666.59
1154.03
1483.33
1466.31
1354.0
1779.08
221.23
1342.39
949.04
1577.01
1696.65
1746.74
1635.5
1543.17
2007.62
1438.41
1870.43
1220.35
1556.78
830.07
1559.83
1248.46
774.64
1558.09
1742.34
1686.98
1605.84
1077.12
1600.1
1450.67
897.26
1364.54
1202.46
874.99
1792.88
1691.38
1522.6
1516.68
1905.5
1776.48
1873.94
384.77
787.42
1125.36
1905.5
1560.78
927.98
1549.54
962.14
1944.88
1755.18
2197.33
1698.94
1516.68
907.19
1905.5
1710.98
464.68
1337.63
847.33
1354.0
1809.91
1500.28
1468.01
1780.65
1444.13
1921.68
1423.85
1110.55
1394.55
1631.49
676.38
1356.46
1513.04
1033.44
535.67
718.3
1374.9
1116.31
1587.21
1152.99
1833.56
1649.04
737.28
1502.02
1490.51
1624.58
1251.14
1339.93
1757.81
1419.48
1873.19
2097.69
1839.05
1430.04
1416.98
924.9
1485.05
1584.73
1817.77
1792.88
589.11
1765.79
1872.81
1663.58
1800.86
1386.33
1435.96
1107.96
1229.87
1746.74
621.12
430.86
1139.94
594.93
1157.87
1116.62
1030.13
764.64
1180.63
1827.44
1666.52
616.24
1306.64
1699.9
913.29
1746.74
1918.89
1351.69
1593.12
570.99
1476.03
1545.67
1097.95
1375.88
1584.73
1120.22
2000.39
1423.85
1476.03
710.15
1952.8
1273.45
1960.67
1203.93
1416.98
1235.69
1633.26
764.24
1361.08
431.17
1421.45
1605.84
1827.18
667.85
1747.22
658.14
1285.23
1062.52
1260.96
1589.65
1342.39
1501.1
1742.34
1030.13
616.24
1276.06
1977.89
1746.74
1067.81
2072.18
1819.41
1711.55
483.34
1603.89
1434.84
751.58
1630.66
1235.69
1579.73
1225.63
1624.58
1710.72
1292.93
1573.12
1800.86
1839.05
1556.68
1394.55
1112.02
2132.85
1758.56
969.85
1721.56
1215.96
981.72
1703.02
1618.13
1870.43
897.26
897.26
1090.35
1110.6
1826.93
1295.14
1970.01
482.65
1342.39
1579.73
1306.91
1624.58
1817.77
1852.24
1476.03
1344.71
1202.9
1673.89
2073.13
564.16
2063.98
703.45
1013.78
1746.74
831.96
1458.63
711.07
1839.67
1513.04
2000.39
1873.19
1468.46
1671.23
1513.04
1873.19
1698.94
1588.8
718.3
848.89
1608.55
650.68
1746.74
1492.64
1411.95
2337.73
1542.4
1542.4
1510.91
1119.17
1809.83
1796.98
1758.03
574.1
831.96
1013.78
1384.78
1788.75
1666.18
1454.47
1930.24
1649.04
1518.93
1682.33
1817.77
1513.04
1663.58
847.33
1399.39
969.85
1649.49
1779.92
1729.08
795.8
1231.67
874.99
1112.02
1282.84
1192.88
544.12
1367.64
1328.85
1628.6
511.23
737.28
1120.22
1674.09
711.07
788.53
1666.29
1776.48
1265.57
902.09
1742.34
1749.31
1691.68
669.85
1623.81
1311.23
1839.05
1542.4
1216.36
795.8
1152.99
1229.41
1518.93
482.65
1549.54
1921.68
2072.18
1345.66
1351.69
847.33
1716.13
2162.03
1465.72
1260.96
1842.24
1145.33
1282.84
1585.02
1605.84
972.58
1222.41
1839.67
2132.85
1917.57
1456.34
1634.04
1826.93
2132.85
2000.39
1682.62
1862.13
1676.79
1373.4
1711.55
1421.45
1682.33
1306.91
1577.55
1528.91
1419.48
874.99
875.39
1785.53
1619.0
1112.02
1145.33
1067.81
1485.69
1396.28
625.15
625.15
1558.12
1658.97
1492.64
1454.05
1997.52
1894.85
2090.54
1090.35
1682.1
1085.4
1392.1
1152.99
1810.37
737.28
1395.03
1050.25
1593.24
1897.37
1447.25
1711.55
1202.46
1523.26
1682.98
543.18
1438.52
1202.9
1292.93
1292.93
1628.66
771.83
1472.53
1837.11
204.58
788.62
1840.75
1510.91
962.14
1267.98
1851.7
667.85
710.15
1809.91
1682.98
1897.87
1944.62
1988.56
1202.9
1492.64
1292.77
1826.93
1662.92
1789.85
1661.61
2090.54
657.8
1777.72
1282.84
1492.64
1520.73
1146.78
1248.46
1732.46
1603.89
897.78
1458.63
1833.24
1682.1
837.36
1585.02
1608.6
1483.33
1857.04
2000.19
570.71
356.17
788.53
1630.66
1721.56
1810.94
1656.28
1559.83
1726.51
1649.49
1682.98
658.14
1852.24
2016.46
1561.2
1755.05
2015.18
1368.94
2000.39
1584.73
1116.56
1438.52
901.36
1547.5
1539.47
1757.81
1282.84
1492.64
331.74
1870.43
1458.63
1421.36
464.68
771.83
1915.79
1558.12
1705.9
847.33
1809.83
1328.85
800.3
1921.68
1248.46
1063.46
737.28
1163.1
2072.18
1862.45
1361.08
648.53
897.26
1110.55
1250.66
1755.18
787.42
1366.61
1311.23
1485.69
1516.68
1663.58
695.66
1584.73
1847.08
1698.94
437.4
1988.56
1573.12
2159.33
1728.07
788.53
972.95
538.36
1649.04
1800.86
751.58
1285.23
1918.46
431.17
1167.78
779.68
1663.58
1539.47
2248.12
992.4
1201.26
1285.23
1494.81
2079.14
658.14
1870.43
1459.34
1459.63
616.24
1633.26
1513.04
1921.09
1839.05
726.14
1476.03
1022.81
1918.89
1487.93
1606.76
1643.96
593.83
1112.02
916.02
830.45
1438.52
1452.17
1793.07
1476.03
1388.05
1608.55
1183.74
1365.21
1243.1
1663.58
897.26
1918.89
1542.4
1800.86
1577.55
1203.93
1432.79
1881.36
1711.55
848.89
1607.34
1437.95
2014.72
1779.92
1699.9
1746.74
1365.21
1536.6
1628.6
1787.57
1154.03
1473.75
927.98
1715.29
1752.72
464.68
1593.24
1828.37
2050.62
1465.72
1361.08
875.39
1164.2
1897.19
1285.23
1690.82
1202.46
751.58
1465.72
1603.6
1449.26
1746.74
1260.96
221.23
907.19
1757.81
1797.14
1699.9
1618.13
1945.95
1353.87
1473.75
1649.04
1565.16
1317.33
1468.19
1416.98
1742.34
1152.99
1492.64
1492.02
1110.6
1048.28
624.78
1826.08
1229.87
1543.17
848.42
1222.41
1342.39
1605.84
924.65
1311.23
1699.94
793.58
1889.71
1139.94
875.39
1710.72
972.95
1623.81
1951.77
1119.17
1662.88
1846.41
2030.59
751.58
540.97
903.3
1577.01
1770.37
609.73
1711.55
1918.46
1116.56
1629.92
483.34
564.16
2004.34
807.48
234.2
1279.31
644.69
1793.07
1556.68
1951.77
1897.87
1797.14
1698.0
1466.95
1366.61
1643.96
879.65
1562.23
1451.85
1798.47
1248.46
1685.92
1222.41
1634.13
1630.47
1676.48
1468.01
1156.55
1843.97
1250.66
1777.72
1956.89
875.39
1746.74
234.2
1987.44
1302.97
1765.67
1832.34
1110.55
1746.74
2013.21
1682.33
1628.6
624.78
1539.47
1714.8
1608.55
1438.52
1759.97
1152.04
1852.24
1587.21
1260.96
356.17
1918.89
546.04
282.89
1248.46
916.02
1883.49
1809.91
1437.95
1897.37
1809.91
1473.75
1557.27
1037.45
774.64
1746.74
1229.87
1618.13
1368.94
1483.06
1730.86
1691.15
1292.93
600.23
1489.99
1375.88
1746.74
1250.66
875.39
1237.62
1203.93
1220.35
1251.14
1666.29
1492.08
1815.02
780.15
1746.74
742.25
1960.67
1837.25
1434.84
1163.1
1560.78
828.16
1846.41
1366.61
866.18
1625.46
1146.78
913.29
535.67
1146.78
570.99
1917.57
1828.37
1696.65
1295.14
787.42
667.85
1579.73
1746.74
1149.07
290.36
1682.33
1606.76
464.68
1360.76
718.3
897.78
1250.66
1797.14
1116.62
162.18
511.23
1894.16
1503.98
1746.74
1828.37
1392.1
1686.98
1828.37
1198.24
949.34
1119.17
1739.49
1235.69
1638.66
927.98
1406.95
2159.33
1624.87
1112.02
1758.03
2016.46
1077.12
1685.92
1502.49
966.87
1977.89
1243.1
1222.41
1519.98
1718.71
1518.93
594.93
1476.03
636.02
1146.78
150.34
1654.62
1758.03
1663.58
1396.28
1624.58
1658.97
2032.23
1461.33
1168.72
1494.23
682.22
1826.93
1878.06
1276.06
1718.79
1376.04
1682.98
2090.54
1711.55
600.23
1180.63
1454.47
1785.72
1419.48
1164.2
1682.33
1339.93
1107.96
1842.24
1510.91
1810.94
1510.91
1146.78
1846.41
1416.98
1682.98
1033.44
1642.15
1109.32
907.19
1603.89
1711.55
1586.21
631.81
1803.97
1260.96
751.58
960.47
1718.71
1556.7
2119.83
1365.21
787.42
1342.39
713.71
1797.14
1110.55
1960.67
1048.28
1682.33
737.28
1243.1
1167.78
666.59
430.86
1589.65
1673.89
764.24
1110.6
2030.76
1858.36
1171.54
1944.89
1461.33
1557.27
1547.5
1419.48
2214.64
1062.52
801.73
1921.68
1691.68
631.81
1780.58
2239.35
1506.38
1688.9
1572.91
1423.86
787.42
1248.46
1257.31
1623.81
1490.51
1905.5
1548.87
1476.03
1624.87
1664.83
1403.48
1843.97
1119.17
1423.86
1472.53
1623.81
2164.15
573.58
1396.28
1364.54
1899.69
1719.37
1133.45
1987.39
1632.61
1632.61
1840.75
837.36
913.29
1921.09
221.23
1842.24
2000.39
1894.16
1743.85
1492.64
1520.73
1523.26
1807.33
402.81
1691.15
1260.96
1264.53
1979.83
1225.63
1339.72
1436.66
1691.15
1703.02
1503.98
1510.91
1516.68
1807.42
738.92
1344.17
1251.14
1107.96
801.73
666.59
666.59
1587.21
573.58
1419.48
828.16
1539.0
1944.62
2007.62
1557.27
1951.77
1522.76
1494.23
1711.55
1745.09
1112.02
636.19
1260.96
1827.44
1619.0
1803.97
1917.57
743.94
290.36
1726.51
1256.92
1810.37
841.27
1842.24
897.26
1565.16
1171.54
897.26
1222.41
1573.12
1900.18
1336.74
1862.45
1491.9
1351.69
1696.65
1817.77
1819.41
1817.77
1642.15
1282.84
2097.69
1154.03
593.83
1624.01
1324.64
1635.5
907.19
1377.35
1248.46
1589.65
1780.65
1785.47
1235.69
1432.79
1476.03
464.68
1593.24
631.81
1842.24
1879.09
500.92
711.07
1696.65
1827.18
1156.55
1809.29
667.98
1149.07
1447.95
748.57
2162.13
1342.39
1112.02
1746.74
1727.1
1432.79
1222.6
737.28
1437.95
1638.66
1842.24
1454.47
1897.87
1567.43
1203.93
1839.05
1674.09
877.17
2000.39
198.42
1643.96
1403.48
1800.86
431.17
764.24
1945.95
2007.62
1248.46
1180.63
1476.03
1979.83
1632.61
1189.47
1633.26
1742.34
1324.64
1793.07
1698.94
1483.06
1152.99
1282.8
771.83
1770.37
2090.54
1513.28
1837.25
2337.73
1798.38
1630.47
2132.85
726.14
785.59
1489.99
837.8
1419.48
1522.6
1862.45
1167.78
1865.67
1742.34
1556.68
1780.07
1608.55
1788.75
648.53
969.85
771.83
1410.58
774.64
1917.57
1662.92
2248.12
1671.23
1175.65
1110.6
570.99
848.42
1556.7
1451.85
1698.94
1050.05
676.38
1419.88
1311.23
1682.08
1152.99
1048.28
1473.75
1578.97
1663.58
935.38
1392.1
522.58
737.28
1865.67
1480.87
1806.06
1624.01
1556.7
1485.69
1788.75
1900.18
1336.74
1871.27
1543.17
1558.12
960.47
1557.94
1757.81
544.12
1875.72
1918.89
1037.45
1522.76
1119.17
1796.98
1228.94
1630.47
1485.4
631.81
764.64
1665.23
1862.13
1556.68
866.05
897.26
1842.1
570.71
902.09
2024.2
1107.96
1438.52
1663.58
1633.26
992.4
1833.56
1110.6
1229.87
1500.28
1829.06
862.61
1346.14
1970.01
631.81
1251.14
1589.65
1846.41
1411.95
1152.04
1492.64
1154.03
771.83
1265.57
1416.98
402.81
1674.09
221.23
1485.4
1342.39
1729.08
1649.49
1752.72
1458.63
669.85
540.97
828.16
1419.34
1847.08
1110.6
1691.38
1921.09
1642.15
1468.01
1630.47
1171.54
1623.73
221.23
2337.73
1361.08
1045.96
875.39
711.07
1842.24
1365.73
1483.48
1804.68
1732.12
1237.07
1638.66
1638.66
972.95
1780.58
1682.08
1556.78
1865.67
1468.19
1852.24
1577.55
2132.85
1045.96
907.19
1643.96
1746.74
1423.85
903.3
2248.12
1465.72
1430.04
1565.16
1630.66
1485.4
1171.68
1535.3
1295.34
2065.16
1198.24
1645.06
1561.41
1827.44
2030.76
1392.1
1584.73
1473.75
1510.91
1456.34
972.58
1077.35
2004.34
1394.55
1809.29
1789.85
1273.45
866.18
1279.31
924.65
1819.41
669.85
1302.97
1842.24
1423.85
1746.74
1905.5
1870.43
1556.68
1789.85
1623.81
1264.53
636.19
2132.85
2143.74
1737.86
1704.06
2337.73
1623.81
1752.03
1396.28
1152.99
1339.93
1810.37
1666.29
1605.84
1228.94
1682.98
1639.12
844.9
1843.97
1438.41
1951.77
2337.73
1264.53
949.04
1682.33
1776.48
1770.37
1777.72
866.18
1873.19
1788.75
1915.79
1423.85
1605.84
1883.21
221.23
667.85
1421.45
992.4
1306.91
1155.05
1599.27
1110.55
1260.96
1295.14
1273.45
1746.74
902.09
1253.76
1171.68
1777.72
1565.16
1413.52
831.96
1951.77
1485.69
1522.76
1370.31
1666.52
1776.48
1225.63
1229.41
540.97
731.28
1682.1
950.24
1458.63
1492.64
1779.92
2143.74
2000.39
1718.71
1789.85
1643.96
1458.63
1871.27
1492.64
1565.16
1885.87
1997.52
1516.68
1747.22
1518.93
1603.6
1826.93
897.26
1312.16
1960.67
1880.76
1516.68
903.3
1696.65
1970.01
1513.04
1615.13
1656.28
1823.47
905.79
1575.52
570.71
1346.14
1542.4
601.81
1465.72
1674.09
1862.45
1775.03
1780.65
897.26
1251.14
1356.46
1842.24
1857.04
1485.69
1807.67
1313.95
981.72
1639.12
1253.76
1682.1
1267.98
1519.98
1809.29
1918.89
2000.42
1549.54
897.78
1931.21
1037.45
1742.34
1328.85
1739.49
1156.55
1222.6
1198.24
1580.95
1479.01
1742.34
1202.69
1633.26
1556.7
1827.44
1970.01
1846.41
546.04
1370.31
1145.33
1412.13
2162.13
828.16
1619.0
1746.74
1112.02
1202.9
1843.97
1728.07
1632.1
1696.65
499.26
755.3
1237.71
1628.6
1635.5
1682.33
1565.16
669.85
1476.48
1558.12
801.73
1649.42
1788.75
1944.89
1804.68
1847.08
1586.21
835.54
866.18
1419.34
737.28
1666.52
1419.48
1478.31
779.68
1862.13
1870.43
1031.34
1718.71
1048.28
897.26
1776.48
1202.9
1753.84
1776.48
1603.6
907.19
1451.85
1005.67
1288.31
1587.21
1396.28
1807.67
1642.15
993.55
718.3
1492.64
1146.78
1846.41
1264.53
1273.45
1827.44
1410.58
946.39
1346.14
1539.47
903.3
624.78
788.53
499.26
1386.33
1809.83
711.07
1556.68
1634.13
2132.85
1587.8
1797.14
1837.25
828.16
1354.0
2214.64
1473.75
1793.07
1349.04
1243.1
1787.41
1392.1
1337.63
784.52
1642.15
1722.49
1437.95
1260.96
1653.69
704.94
1110.55
935.4
1698.0
1085.4
1353.87
860.32
927.98
1423.86
1167.78
1031.34
499.26
1579.73
993.55
828.16
1827.18
860.32
1960.67
1372.31
1556.68
1839.05
1423.85
866.76
1839.05
2004.34
1788.75
658.14
1152.99
866.18
1862.13
711.07
1502.49
1513.28
1516.58
1894.85
1110.6
1084.79
1739.49
1587.8
1943.24
2063.98
1522.45
1600.1
1703.2
752.69
1556.78
874.99
1779.08
969.85
303.94
718.71
1338.3
1696.65
1858.36
1063.46
1585.02
1225.63
844.9
1447.25
1661.61
1492.64
1666.29
1843.97
704.94
2132.85
883.11
1728.07
897.26
1550.55
1167.78
2000.42
1374.9
1344.71
1988.56
1630.66
1202.9
2024.2
1865.67
1618.13
2065.16
2004.34
897.26
1485.4
1351.69
1779.92
1267.98
1780.07
1216.36
1605.84
1699.9
1921.09
1915.79
2162.13
2337.73
666.59
1536.6
1699.9
1514.4
616.24
640.56
1171.68
2143.74
1386.33
1421.45
1759.97
755.3
1676.79
1593.12
1776.48
636.19
483.34
1710.53
1796.98
922.69
1112.02
2000.39
1718.71
1662.92
1846.41
1116.31
516.69
1951.77
1444.13
1267.98
2030.76
1361.08
1759.97
1229.87
1556.7
1796.7
1972.88
1737.86
695.66
1837.11
1269.1
1510.57
1844.58
1559.83
1696.65
1306.91
2119.83
793.58
600.23
1023.65
1423.85
1599.27
972.95
1915.79
1366.61
1494.23
1371.86
1432.75
1485.59
1163.1
1870.43
1900.18
1163.1
950.24
1107.96
1419.48
1905.5
969.85
1810.37
1487.93
2143.74
1410.58
1921.68
640.56
1628.6
1494.23
1023.65
1371.86
1110.55
1048.28
1557.27
1228.94
1807.33
1461.33
877.17
2132.85
1443.02
1557.2
1220.35
2337.73
1513.04
1432.75
1152.99
1400.57
1918.46
1642.15
1518.93
648.57
1416.98
1809.83
1686.98
1788.75
1875.72
949.34
1608.55
1765.67
1628.6
874.99
1862.45
657.8
1502.02
1605.84
1543.17
1265.57
667.98
1163.1
1649.04
891.9
1638.66
1779.92
1661.61
1796.98
1237.07
1843.97
1556.78
1691.38
1780.07
540.97
1273.45
1110.6
1817.77
1847.26
482.65
1120.22
1317.33
1827.44
1944.89
1313.95
1847.08
1778.65
1062.52
1638.66
1870.43
1589.75
1491.9
1608.6
1202.46
1988.56
1475.4
1090.35
1371.86
1770.37
1579.73
726.14
1624.58
1857.04
835.54
1502.49
1593.24
1344.17
1562.23
848.89
751.16
1721.56
1586.22
1295.14
1235.69
1889.71
1510.91
1839.05
658.14
1562.23
751.58
1271.52
1356.46
844.9
710.25
1483.06
837.8
1746.74
1373.4
1206.95
2000.19
1349.04
1462.01
1578.97
1344.71
1434.42
1265.57
1421.45
1682.33
841.27
737.28
874.99
464.68
1956.89
1605.84
1346.14
1295.14
499.26
897.26
1472.53
1399.39
1179.09
2337.73
1337.63
1387.17
1624.01
1749.93
1663.58
1419.34
1593.24
1282.84
1662.88
1840.75
1573.12
1649.04
1800.86
648.57
1809.91
1215.84
1012.0
1842.24
1865.67
2000.39
1183.74
1623.81
828.16
913.29
1839.05
1295.14
1703.02
290.36
1373.4
1770.37
927.98
1624.11
1605.84
1930.24
356.17
1265.57
1905.5
1921.68
879.65
1608.6
2132.85
1915.79
1755.18
1833.24
1371.86
1579.73
711.07
1539.1
1116.31
710.25
1573.12
225.12
1663.58
640.56
693.36
1742.34
1349.04
2197.33
1434.42
1921.68
1915.79
828.16
1837.25
669.85
2090.54
647.0
639.73
1666.29
1556.7
1542.4
538.36
1699.94
2197.33
1400.57
1149.07
601.81
1777.72
1809.83
1711.55
2030.76
1674.09
1539.47
572.73
1171.68
1796.98
2065.16
1780.07
1833.56
601.81
1666.29
1483.58
1988.56
1354.0
1376.59
1556.68
1696.86
718.3
1752.72
1248.46
1587.8
1826.08
1364.54
787.42
1467.52
1873.19
946.39
966.87
1823.47
1796.98
667.85
1630.47
1577.01
1485.4
2024.2
1791.69
1403.6
969.85
1780.07
1642.15
1559.59
860.32
1443.02
1152.99
1499.24
1494.23
1518.93
1844.58
1673.7
866.18
1649.42
1676.79
1116.56
1423.86
1759.97
1711.55
2004.34
1837.11
631.81
1873.19
1649.04
1897.37
1918.46
1157.87
1292.93
1635.5
1237.07
1658.97
1625.46
1828.37
1579.73
1793.07
2063.98
538.36
1295.14
726.14
2132.85
1510.57
1695.08
1372.83
738.01
1387.17
1306.91
1456.34
1295.14
1842.24
1921.16
1302.97
2063.98
648.53
1476.03
907.19
1624.01
1267.98
1109.32
1666.29
877.17
1396.28
574.1
1458.63
1416.98
1584.73
1833.56
1664.76
1375.88
1718.76
1777.72
1483.33
1584.73
1416.98
1193.72
1477.12
1960.67
866.05
960.47
1840.75
779.66
1746.74
669.85
1562.23
1328.85
1649.49
1421.45
1885.87
1872.44
1250.66
1746.74
511.23
788.53
1487.93
710.25
1826.93
1828.37
1539.47
1450.67
1800.86
255.57
1599.27
1164.2
1306.64
1787.41
993.55
774.64
1718.71
962.14
1225.63
1780.07
737.28
1543.17
726.14
616.24
1573.12
1704.06
1253.76
1556.68
1682.33
1139.94
1921.16
1732.46
1575.87
1666.29
1450.67
1351.69
788.53
1832.34
1897.37
593.83
621.12
780.15
1711.55
1798.38
1107.96
1967.87
1248.46
1171.54
2143.74
1238.04
1881.36
830.07
1419.48
1584.73
1180.63
1807.42
1282.8
1149.07
1726.51
1366.61
1005.67
1897.87
1960.67
1510.91
1704.06
1192.88
1109.32
1478.11
1643.96
1342.39
1953.03
1682.33
1666.52
1228.94
866.18
1918.46
1704.06
1282.84
1458.63
1979.83
2239.35
718.71
1817.77
1639.12
875.39
282.89
1492.64
1676.48
1353.87
1110.6
713.71
1556.7
1746.74
1584.73
1739.18
1631.49
1455.37
1045.96
1682.08
1084.79
1107.96
877.17
1238.04
1154.03
764.24
787.42
1918.46
2030.76
1776.48
1988.56
1228.94
1593.12
1494.81
1256.92
1344.71
2063.98
1156.55
1662.92
1688.9
2248.12
1473.75
1419.48
1585.02
1987.39
903.3
848.89
1472.53
1630.66
956.61
1019.85
1216.36
1248.46
1809.91
1354.0
1608.6
1807.33
1578.97
1586.22
303.94
540.97
1987.39
1649.04
1146.78
1804.68
805.12
924.9
875.39
1649.04
1209.08
1956.89
718.3
1478.93
1354.0
764.24
1968.4
1209.08
482.65
1336.74
1796.98
1695.08
1273.45
1871.27
1416.98
631.5
1897.37
2030.76
1421.45
2073.13
1081.05
2162.13
1251.14
1787.57
874.99
1364.54
844.9
1260.96
669.85
1536.6
1478.11
1661.61
683.1
788.53
1489.99
1377.35
1987.39
1870.43
1510.91
779.08
1468.46
1107.96
794.7
1623.81
866.18
1419.48
1306.91
1423.86
1429.72
1649.49
917.79
1146.78
1883.49
1411.95
1663.58
628.4
905.79
1718.71
787.42
1265.57
1666.29
1793.07
1339.93
150.34
1749.93
1225.63
1865.67
1676.48
1485.69
1157.87
1921.18
1776.48
1662.88
1611.66
644.69
804.96
1915.79
1513.04
1584.73
1649.04
1872.44
1434.71
1344.18
1915.79
1770.91
1050.25
1810.37
1353.87
658.14
751.58
1492.64
1951.77
1116.56
448.34
1671.23
742.25
1558.12
1248.46
1110.6
1476.03
1548.87
1682.33
1251.14
1872.89
1295.14
1110.6
1206.95
1630.47
1516.58
669.85
1156.55
1302.97
847.33
1810.94
1346.14
1703.02
1253.76
2162.13
1803.97
1175.65
1968.4
1220.35
1649.49
1485.69
1171.54
1243.1
1742.34
1377.35
666.59
1542.4
1328.85
969.85
2030.76
1237.07
1839.05
860.32
1451.85
1164.2
1883.21
1513.04
1819.41
1605.84
1840.75
1780.07
866.05
1476.03
929.16
1421.36
1110.6
1267.98
1110.55
2016.46
1721.56
1510.91
1149.07
1180.63
1656.28
2337.73
1810.37
616.27
1152.04
1109.32
1548.87
1490.51
669.85
1478.93
1419.48
150.34
1642.15
1787.41
1443.96
2132.85
897.78
1921.68
1771.8
897.26
516.69
2239.35
1067.81
1649.04
1791.96
1419.88
2143.74
1351.69
1827.44
1761.94
221.23
1338.3
402.81
1862.13
718.71
962.14
1705.9
2004.34
844.9
1468.01
1682.1
1967.87
1809.29
303.2
1638.66
1084.79
1889.71
1455.37
2214.64
1865.67
1875.72
1459.63
1649.04
1346.14
1342.39
710.15
1815.02
1642.15
1202.46
1107.96
1513.28
1423.85
1746.74
225.12
1696.72
1643.96
1285.23
1139.94
788.62
1649.42
1155.05
1229.41
1550.55
1107.96
1483.33
1585.02
1146.78
1292.93
1789.85
1608.6
1562.23
1676.48
1833.56
1663.58
1107.96
1250.66
891.9
1623.73
848.89
743.94
1265.57
981.72
1921.68
1492.64
628.4
1663.58
1164.2
1875.72
511.23
897.26
1360.76
711.07
1225.63
1225.63
1559.83
1785.72
873.97
1311.23
1449.26
1682.62
500.92
1487.93
1403.6
916.02
1839.05
1843.97
1167.78
1494.23
1282.84
1711.55
1711.55
1362.39
1206.95
801.73
1663.58
1090.35
2279.82
1154.77
830.07
1944.89
1624.58
1513.04
1250.66
1510.91
1513.04
1248.46
1344.71
695.66
1434.42
1344.71
1447.39
1361.08
601.81
1342.39
1125.36
1342.39
1443.96
1732.46
2000.39
1556.68
1282.84
1873.19
924.65
1682.33
1276.06
1649.04
1090.35
1202.9
1638.66
1691.38
1837.11
866.18
1215.96
2159.33
1694.37
1780.07
1306.91
2000.39
1770.37
2014.72
1623.73
1682.33
1548.87
1752.72
1434.84
1157.87
1458.63
1459.63
1372.31
593.83
1202.69
1858.36
1264.53
1510.57
1921.68
1798.47
1483.33
830.45
1630.66
1894.16
430.86
1584.73
1370.31
1632.42
1603.89
1110.6
1608.6
713.71
616.24
1311.23
1871.76
1980.99
1803.97
1798.47
1371.86
1780.07
902.09
1858.36
830.45
1787.41
648.53
949.34
1152.99
1562.23
991.49
1556.68
1110.6
1630.66
1605.84
1649.04
1342.39
1487.93
1649.04
1346.14
1605.84
1881.36
1662.92
917.79
1279.31
1792.88
1386.33
1374.9
738.01
1063.46
1351.69
1745.18
1029.87
946.39
1302.97
1831.92
1447.25
1373.4
956.61
1883.49
1682.1
1542.4
1556.68
1439.17
1400.57
779.66
1487.93
844.9
771.83
1785.47
1970.01
1209.08
1970.01
874.99
1624.58
907.19
1030.13
1114.9
1279.31
1476.03
1516.68
992.4
1628.66
1760.0
1361.08
1449.26
1665.23
1800.86
2050.62
1248.46
1165.44
1478.93
1419.34
1305.54
1116.31
1682.33
1279.31
543.18
1807.67
1780.65
946.39
1312.16
1193.72
927.98
1593.24
1473.75
1282.84
1235.69
1556.7
1643.96
1729.08
1788.75
1468.01
1416.98
1696.65
1599.27
1800.86
1840.75
1851.7
1605.84
1666.18
1171.54
1492.64
1081.05
1251.14
1747.22
1377.35
1216.36
1639.12
704.94
1809.91
1192.88
831.96
1077.35
1873.19
1547.5
1522.76
1742.34
1472.53
1608.55
869.0
1392.1
935.4
1467.52
1897.87
1045.96
1478.11
1503.98
969.85
1342.39
874.99
1513.04
1826.93
935.4
1170.54
648.57
1793.07
464.68
1058.5
880.41
1419.48
1558.12
1960.67
2197.33
1349.04
1857.04
788.53
845.35
1819.41
1704.06
1313.53
1365.73
1520.73
1324.64
1944.88
1840.75
1013.78
2214.64
1905.5
1663.58
1643.96
1557.94
751.58
1630.47
1346.14
1419.48
1491.9
972.58
500.92
1873.19
1492.64
875.39
1477.12
1666.29
1279.31
1711.55
1870.43
1116.62
866.18
1624.58
1704.06
647.0
801.73
464.68
1851.7
1666.29
1344.18
1871.27
1264.53
1967.87
1611.66
1288.31
1631.49
1889.9
1624.87
1447.39
631.81
1180.63
751.58
1539.0
1558.09
1840.75
1556.78
1107.96
1852.24
1870.43
1575.52
2050.62
1846.41
1737.86
1472.53
2162.13
1776.62
1251.14
695.66
801.73
1747.22
924.65
1827.44
1755.18
1468.19
1203.93
1472.53
1624.58
1388.05
718.71
1386.33
1737.86
795.8
1662.92
787.42
1691.15
1518.93
1163.1
860.32
1630.47
1480.87
1543.17
1454.47
1339.72
1865.67
1306.91
1351.69
1398.94
1746.74
907.19
1931.21
1780.07
1478.31
464.68
624.04
1843.97
1203.93
793.58
1593.24
897.26
1742.34
1780.07
1388.05
1852.24
1575.52
1557.2
2050.62
1902.37
1306.64
1682.1
1523.26
1528.91
1251.14
1164.2
1522.45
1676.48
1163.1
1624.01
1691.15
1163.1
1793.07
1599.27
648.53
788.53
1701.23
1443.96
1324.64
1776.48
1476.03
1346.14
1146.78
1685.92
1387.17
1116.62
1871.27
1419.48
1897.37
1522.6
1793.07
1152.99
1432.79
1556.7
1649.49
2248.12
907.19
644.12
1373.4
1406.95
771.83
751.58
1787.57
1163.1
1921.16
1434.42
1810.37
1900.18
1780.07
874.99
1519.98
1666.29
1116.31
848.42
573.58
1346.14
1847.84
1846.41
731.28
1306.91
1535.3
1730.86
1476.03
1915.79
1997.52
2032.23
1489.99
2065.16
972.58
1110.55
543.18
1789.85
1491.9
1311.23
1539.47
1461.33
2162.03
1776.48
1682.98
1608.6
1419.88
1473.75
1565.16
1797.14
1951.77
1368.94
794.7
1587.21
877.17
897.26
1487.93
1439.17
1852.47
1285.23
1152.99
1277.26
540.97
1561.2
1638.66
1630.66
1399.39
1273.45
1267.98
1265.57
1019.85
464.68
1548.87
949.34
1638.66
916.02
2030.59
962.14
2132.85
1885.87
1745.18
1691.38
2007.62
1372.31
2004.34
437.4
1386.33
2214.64
1012.0
1306.64
1585.02
1638.66
499.26
1459.63
1485.4
1478.11
1889.71
1944.88
402.81
1557.2
544.12
1688.9
1342.39
1674.09
1394.55
1726.51
1967.87
540.97
150.34
1447.25
1216.36
1396.28
1487.93
880.41
1817.77
848.89
1833.56
1549.54
781.97
793.58
1154.03
1593.24
1840.75
789.01
1611.66
1476.03
1285.23
667.85
713.71
1557.2
1366.61
1060.47
1361.08
949.34
1698.94
682.22
1157.87
1785.53
1542.4
2063.98
1780.65
1429.72
929.16
1872.89
788.62
1603.89
1113.16
1707.38
1209.08
1324.64
1422.12
1562.23
1624.01
1682.1
1837.25
1759.97
1746.74
949.04
1897.19
1373.4
1522.6
1881.36
1671.23
1785.53
866.07
1282.84
1606.63
2016.46
1452.17
1921.68
1726.51
779.08
1539.1
2132.85
1705.9
1050.05
1022.81
828.16
1399.39
2030.76
1146.78
1839.05
1608.55
1285.2
616.24
1785.53
835.08
1468.19
589.11
1134.47
787.42
1478.11
1780.58
2090.54
844.9
1623.81
738.92
683.1
1344.17
1081.05
751.58
1577.55
1807.67
1237.62
1543.17
1170.54
1339.93
1432.79
1503.98
1155.05
1253.76
1175.65
437.4
711.07
1542.4
1209.08
1228.94
1250.66
1366.61
1152.04
841.27
1777.72
779.08
1033.44
1429.72
1605.84
1789.85
1203.93
1558.09
1780.65
1662.92
1432.79
1931.21
1608.6
1606.76
1740.85
1084.79
1696.65
1499.24
1649.04
1447.25
511.23
1729.08
1328.85
1752.03
1837.25
1987.39
1839.67
1800.86
1154.77
1638.66
1785.53
1624.58
1562.23
879.65
1603.6
1899.69
1815.02
2000.42
1360.76
866.05
1403.6
1623.81
1561.41
1918.89
543.18
1559.83
572.73
1351.69
1797.14
1535.3
1623.73
1005.67
793.58
1634.04
1413.52
1265.57
1467.52
1676.48
2065.16
1611.66
801.73
1228.94
1729.08
1282.84
1248.46
1539.0
1671.23
1285.23
788.62
572.73
1931.21
916.02
1791.96
1809.29
1632.42
1485.05
1945.95
844.9
1339.93
1422.12
1372.31
1366.61
737.28
1793.36
1542.4
1435.34
406.7
1107.96
1547.5
1635.5
1285.23
1972.88
828.16
801.73
1353.87
1273.45
1889.87
446.94
1110.55
1852.24
2014.72
1752.72
1447.25
1112.02
715.19
1579.73
1573.12
1755.18
430.86
1770.91
1780.07
1685.92
1603.89
1810.37
993.55
715.19
1711.55
1730.86
1698.94
1423.85
1302.97
1476.03
1062.52
666.59
1918.89
1276.06
1288.31
1342.39
831.96
1146.78
1548.87
1905.5
1306.64
764.24
1361.08
927.98
1593.24
1520.73
1110.0
1788.75
1515.54
1649.42
1870.43
1649.42
897.26
1432.75
2030.76
1276.06
631.81
1827.44
1114.9
1376.04
1476.48
1110.55
1476.03
779.08
1499.24
831.96
1222.41
1518.93
726.14
1309.85
1944.89
872.19
2337.73
897.26
990.84
966.87
1606.76
1843.97
1388.05
1454.05
1324.64
862.61
813.95
1724.42
1157.87
1915.79
1703.02
1746.74
1202.69
1432.79
1492.64
1921.09
1251.14
1447.39
1686.98
771.83
1752.72
1902.37
1793.52
1720.21
1865.67
1142.89
1666.18
282.89
1386.33
1222.6
1372.83
793.58
2030.76
1257.31
1562.23
907.19
2016.46
845.35
158.35
755.3
924.9
1873.19
2065.16
1749.93
1705.27
1972.88
1282.84
1704.06
1045.96
1090.35
1459.63
828.16
695.66
1796.98
1183.74
875.39
1416.33
1746.74
1366.61
1698.0
2007.62
1295.14
1951.77
1674.09
1491.9
1600.1
1421.45
322.0
738.01
1114.9
500.92
1619.0
1711.55
1780.07
1419.48
1248.46
1269.1
1344.71
589.11
1770.37
1797.14
1473.75
1897.19
1656.28
1222.41
2014.72
695.66
1201.26
718.3
1780.07
1435.96
831.96
1154.03
1833.56
1770.37
1476.03
1516.68
483.34
2090.54
695.66
1328.85
1630.47
1231.67
1522.6
1447.39
1361.08
1192.88
916.02
1997.52
1557.27
860.32
1897.19
1220.35
1793.07
639.73
1793.36
1573.12
482.65
1110.6
1458.63
303.94
1562.23
1154.77
1392.1
1710.72
1483.58
1336.74
1777.72
2162.13
616.24
1638.66
731.28
1635.5
1419.48
1267.98
1952.8
1846.41
1662.92
1519.98
1403.6
1875.72
1062.52
1746.74
1365.73
1356.46
1228.94
1726.51
494.63
1050.05
901.36
879.65
1918.46
711.07
1155.05
2050.62
1522.6
1248.46
221.23
1215.84
1107.96
1251.14
1229.87
872.19
1789.85
1703.02
1906.35
1487.93
1699.94
828.16
1513.28
1770.37
1623.73
1547.5
2162.03
511.23
1535.3
1447.95
1192.88
1899.69
1796.7
1454.47
907.19
1780.65
713.71
1432.79
828.16
902.09
1422.12
1434.42
1466.31
1793.07
2030.76
1695.08
150.34
1780.65
1746.74
1306.91
1167.78
1624.58
1584.73
1423.85
1063.46
1894.16
1630.66
1483.33
2014.72
1881.36
1633.26
1282.8
1406.95
1635.5
1288.31
402.81
1695.08
1788.75
1499.68
1235.69
1726.51
657.8
499.26
682.22
1732.2
1264.53
